    1.00    0.00    0.00
    0.00    0.00    0.00
    0.00    0.00    0.00
    0.00    0.00    0.00
    0.00    0.00    0.00
    0.00    0.00    0.00
    0.00    0.00    0.00
    0.00    1.00    0.00
    0.00    0.00    0.00
    0.00    0.00    0.00
    0.00    0.00    0.00
    0.00    0.00    0.00
    0.00    0.00    0.00
    0.00    0.00    0.00
    0.00    0.00    1.00
    0.00    0.00    0.00
    0.00    0.00    0.00
    0.00    0.00    0.00
    0.00    0.00    0.00
    0.00    0.00    0.00
    0.00    0.00    0.00
    0.00    0.00    0.00
    1.00    0.00    0.00
    0.00    0.00    0.00
    0.00    0.00    0.00
    0.00    0.00    0.00
    0.00    0.00    0.00
    0.00    0.00    0.00
    0.00    0.00    0.00
    0.00    1.00    0.00
    0.00    0.00    0.00
    0.00    0.00    0.00
    0.00    0.00    0.00
    0.00    0.00    0.00
    0.00    0.00    0.00
    0.00    0.00    0.00
    0.00    0.00    1.00
    0.00    0.00    0.00
    0.00    0.00    0.00
    0.00    0.00    0.00
    0.00    0.00    0.00
    0.00    0.00    0.00
    0.00    0.00    0.00
    0.00    0.00    0.00
    1.00    0.00    0.00
    0.00    0.00    0.00
    0.00    0.00    0.00
    0.00    0.00    0.00
    0.00    0.00    0.00
    0.00    0.00    0.00
    0.00    0.00    0.00
    0.00    1.00    0.00
    0.00    0.00    0.00
    0.00    0.00    0.00
    0.00    0.00    0.00
    0.00    0.00    0.00
    0.00    0.00    0.00
    0.00    0.00    0.00
    0.00    0.00   66.32
  -16.76    0.00    0.00
    0.00    0.00    0.00
    0.00    0.00    0.00
    0.00    0.00    0.00
    0.00    0.00    0.00
    0.00    0.00    0.00
    0.00    0.00  -16.76
   75.60  -23.68    0.00
    0.00    0.00    0.00
    0.00    0.00    0.00
    0.00    0.00    0.00
    0.00    0.00    0.00
    0.00    0.00    0.00
    0.00    0.00    0.00
  -23.68   92.12  -24.00
    0.00    0.00    0.00
    0.00    0.00    0.00
    0.00    0.00    0.00
    0.00    0.00    0.00
    0.00    0.00    0.00
    0.00    0.00    0.00
    0.00  -24.00  100.36
  -12.57    0.00    0.00
    0.00    0.00    0.00
    0.00    0.00    0.00
    0.00    0.00    0.00
    0.00    0.00    0.00
    0.00    0.00    0.00
    0.00    0.00  -12.57
   89.36    0.00    0.00
    0.00    0.00    0.00
    0.00    0.00    0.00
    0.00    0.00    0.00
    0.00    0.00    0.00
    0.00    0.00    0.00
    0.00    0.00    0.00
    0.00    1.00    0.00
    0.00    0.00    0.00
    0.00    0.00    0.00
    0.00    0.00    0.00
    0.00    0.00    0.00
    0.00    0.00    0.00
    0.00    0.00    0.00
    0.00    0.00    1.00
    0.00    0.00    0.00
    0.00    0.00    0.00
    0.00    0.00    0.00
    0.00    0.00    0.00
    0.00    0.00    0.00
    0.00    0.00    0.00
    0.00    0.00    0.00
    1.00    0.00    0.00
    0.00    0.00    0.00
    0.00    0.00    0.00
    0.00    0.00    0.00
    0.00    0.00    0.00
    0.00    0.00    0.00
    0.00    0.00    0.00
    0.00    1.00    0.00
    0.00    0.00    0.00
    0.00    0.00    0.00
    0.00    0.00    0.00
    0.00    0.00    0.00
    0.00    0.00    0.00
    0.00    0.00    0.00
    0.00    0.00    1.00
    0.00    0.00    0.00
    0.00    0.00    0.00
    0.00    0.00    0.00
    0.00    0.00    0.00
    0.00    0.00    0.00
    0.00    0.00    0.00
    0.00    0.00    0.00
    1.00    0.00    0.00
    0.00    0.00    0.00
    0.00    0.00    0.00
    0.00    0.00    0.00
    0.00    0.00    0.00
    0.00    0.00    0.00
    0.00    0.00    0.00
    0.00    1.00    0.00
    0.00    0.00    0.00
    0.00    0.00    0.00
    0.00    0.00    0.00
    0.00    0.00    0.00
    0.00    0.00    0.00
    0.00    0.00    0.00
    0.00    0.00    1.00
